37279
4418
41588
49480
84098
70527
6757
4779
44509
51031
95785
6686
96283
17425
72013
89999
11494
86523
5664
91930
26050
83039
63679
96499
5367
30657
87492
4177
20206
46037
45260
92299
23258
69029
98019
67257
99831
12073
79682
71120
48319
79395
33232
85865
56235
40802
15355
73668
51958
49869
70359
34983
22848
75116
40831
22469
56869
12078
90233
16999
82684
99515
39585
8467
60530
3616
82323
19376
51699
57829
13277
95732
83902
88896
76922
26592
97037
47361
23258
74707
36848
17691
89353
31999
83079
41801
34411
15030
96475
5870
85708
29677
41315
82676
23187
5547
36455
65885
95123
6338
45217
15839
56180
43201
96363
35180
63339
33324
29077
29294
43357
88678
82953
96197
42953
27724
91766
75920
19885
7623
72919
81321
98638
32472
28706
72503
31147
15170
67508
37918
50779
75910
16622
57804
60499
96624
91258
89584
20174
16700
41419
64010
50121
38811
21858
92950
61342
13835
37960
5510
99204
67686
73852
14240
3783
15081
76043
77392
10549
16394
92492
32251
59519
85263
54193
88925
48705
26028
92884
80893
95535
48507
89680
12276
43668
71086
69444
13056
79204
85538
25395
93580
66111
9467
23996
39771
7736
1829
5714
88011
15481
59244
51670
97907
52657
19922
60356
25442
74263
19377
69778
83153
39847
7562
66535
75510
46298
22478
10784
55221
99943
6833
20166
86688
37711
25854
90152
80220
95477
59393
98825
89959
16888
39993
13465
12953
77417
56689
81185
42997
53090
91942
39568
65771
63139
67453
93135
79261
29854
46124
88650
68594
7972
70827
30909
70117
73952
63149
19054
39204
71513
52603
43002
8406
81277
50351
14332
16788
3729
9763
74505
87790
67936
84677
77439
77203
93508
29507
46756
30108
42297
30226
29174
82894
19134
85603
77752
15883
52806
13694
55051
52147
95920
55691
12589
85992
40431
26515
93237
25521
60907
93958
20872
37594
23827
69470
11248
86134
6431
96952
36823
45186
93996
58939
59092
58066
82258
93801
20443
10205
44089
90758
2025
53935
80823
79908
63980
60963
61277
47072
8318
80347
70919
77525
3665
28892
3144
4798
35508
43164
18314
85531
48524
31522
85155
60441
98383
50750
52116
57997
5127
54105
22688
42593
10562
82095
25346
88278
72070
3434
7506
3256
11745
33246
75353
22843
93741
62003
86497
96441
71444
56511
86014
69757
22971
84121
78901
60410
52270
75225
35697
98246
61290
98661
76320
30710
37921
63711
93380
92845
33954
89692
90991
30823
55194
43155
76459
85408
22638
33422
23715
4837
91437
40231
55902
61837
88583
90100
86887
82278
36528
83497
31224
345
49977
56266
71426
95470
82730
11201
46001
5134
78772
36401
58959
71726
48617
6441
51306
53135
73698
27594
16706
49824
75286
30597
37431
10883
63487
64345
83112
58215
59948
82434
42641
97446
65152
39937
92465
44214
9532
49151
71637
19920
48655
43612
23973
10765
37454
89171
68536
77923
59402
40249
36456
51195
35780
46189
3895
86733
77472
23297
48362
93465
5712
20184
3319
26151
41001
42677
39558
40754
13158
67173
28188
41354
46080
83243
45740
22798
49739
83194
19870
99941
65502
50228
32210
49221
33934
40639
83422
44249
97883
39334
46172
8790
20020
86310
88374
74824
85474
59804
82387
29004
36237
20637
55655
23778
38956
93197
12803
82651
21235
20719
73817
75520
31486
84124
71442
26862
84093
46430
96469
53242
18405
47532
32609
59742
4363
95792
41168
94725
96441
36399
55767
75623
81889
76812
40229
26946
20468
49127
41892
96806
77075
30230
32341
8298
6933
26962
11682
47911
44247
10863
24060
55342
8225
38748
16066
6407
53037
9258
5567
32617
88928
492
94996
76161
95273
26445
74433
43959
2855
57056
40874
20273
23393
68202
793
55143
40346
9742
52218
53980
97535
65416
96626
2419
49103
50327
53342
51783
62016
83134
44750
83878
74998
60807
20523
15930
15129
83930
67596
45509
87441
62375
59627
10868
34482
80343
26142
85939
79620
87265
60887
84201
17002
51586
34703
33399
24758
93051
65070
64117
57181
80380
66558
77696
41338
26643
88053
73386
72192
41336
64031
39872
12351
82701
49410
99054
84155
64716
16112
92068
91719
85287
48956
35107
19273
33649
56915
6207
23476
18242
84553
93955
62936
15102
18347
23346
40215
42362
19830
56966
51262
3657
3438
81745
41563
50963
29976
34493
84124
55797
71475
56860
804
71373
97242
16836
64116
7065
44292
48171
23335
87260
1054
39783
91584
83356
20863
4902
12763
17163
6832
51858
2004
96602
91508
90503
76998
14127
43573
33641
79816
62795
457
15151
28534
85134
12668
16651
66903
84484
65798
78567
41080
51239
31779
93388
47174
46717
14865
80913
72943
82297
68536
77491
27535
19742
55080
2419
96334
82459
65292
33865
68353
29566
48829
62809
75172
90385
6279
64245
3761
95197
43611
14097
65713
65221
81968
63107
5163
5440
42867
70407
32001
52418
28407
34397
85162
15084
89744
52840
29176
24261
27107
85261
53597
16491
56519
79729
20556
21403
77801
69382
80335
11735
33976
75157
19143
25939
70741
67398
68393
55289
16883
28614
63083
43255
30916
15047
81769
20306
96479
92661
43101
73908
36000
55326
76075
34201
15958
27364
11984
92470
53671
80604
1bad1670
44694
31332
77405
69939
52025
25880
33838
99275
50155
92422
24752
57607
51360
18445
31320
53175
76003
16481
15289
94380
24559
93212
74468
27246
54140
48989
2653
73364
48893
85bad281
90197
48851
44990
41197
82570
43943
42928
69244
70877
27440
86094
95435
66898
17679
29363
42077
6146
72650
86657
95576
58563
79301
43912
84357
97bad84
64123
10838
89510
55387
94038
10884
15569
2993
86bad491
58124
22250
56502
92673
9920
2721
72711
96146
20789
18983
23183
55839
50448
97536
24266
88992
56589
69139
20084
94528
82937
93011
54799
59730
3555
68bad56
67136
68666
85215
11010
14667
42124
47098
16bad235
20193
57803
29508
55020
12575
96551
88033
84648
70195
87327
66825
50243
98775
28762
10748
86569
28603
86462
76bad999
8522
46676
35351
70818
84079
29076
81983
2083
86224
61748
13867
21bad731
49812
62697
75630
61593
82406
41797
81284
93053
76631
61628
67582
68901
78427
40431
79713
21820
23bad259
24185
62588
55188
22902
96709
38250
58280
60954
78079
7024
32168
78834
86496
70556
51749
46309
12290
72162
59988
19923
87797
99477
25594
76491
83812
9076
29305
84272
48204
76860
38675
79568
68592
47143
77027
35731
24626
68528
56800
35194
35055
35bad56
73459
68296
56758